1975-01-01,   1,     11,     19,      0,   0.05,   0.00,   1.00,  0.390,   2.80,    0.0
1975-01-02,   2,     11,     19,      0,   0.05,   0.00,   1.00,  0.340,   0.01,    0.0
1975-01-03,   3,     11,     19,      0,   0.05,   0.00,   1.00,  0.111,   0.01,    0.0
1975-01-04,   4,     11,     19,      0,   0.05,   0.00,   1.00,  0.110,   0.01,    0.0
1975-01-05,   5,     11,     19,      0,   0.05,   0.00,   1.00,  0.110,   0.00,    0.0
1975-01-06,   6,     11,     19,      0,   0.05,   0.01,   1.00,  0.109,   1.65,    1.7
1975-01-07,   7,     11,     19,      0,   0.05,   0.01,   1.00,  0.179,   0.70,    0.7
1975-01-08,   8,     11,     19,      0,   0.05,   0.01,   1.00,  0.138,   0.00,    0.0
1975-01-09,   9,     11,     19,      0,   0.05,   0.01,   1.00,  0.110,  -0.02,    0.0
1975-01-10,  10,     11,     19,      0,   0.05,   0.01,   1.00,  0.109,  -0.02,    0.0
1975-01-11,  11,     11,     19,      0,   0.05,   0.01,   1.00,  0.108,  -0.02,    0.0
1975-01-12,  12,     11,     19,      0,   0.05,   0.01,   1.00,  0.108,  -0.02,    0.0
1975-01-13,  13,     11,     19,      0,   0.05,   0.01,   1.00,  0.107,  -0.02,    0.0
1975-01-14,  14,     11,     19,      0,   0.05,   0.02,   1.00,  0.107,   0.19,    0.2
1975-01-15,  15,     11,     19,      0,   0.05,   0.03,   1.00,  0.112,   0.04,    0.1
1975-01-16,  16,     11,     19,      0,   0.05,   0.03,   1.00,  0.109,   0.22,    0.2
1975-01-17,  17,     11,     19,      0,   0.05,   0.03,   1.00,  0.113,   0.57,    0.6
1975-01-18,  18,     11,     19,      0,   0.05,   0.03,   1.00,  0.122,   0.37,    0.4
1975-01-19,  19,     11,     19,      0,   0.05,   0.03,   1.00,  0.118,  -0.02,    0.0
1975-01-20,  20,     11,     19,      0,   0.05,   0.03,   1.00,  0.110,   0.18,    0.2
1975-01-21,  21,     11,     19,      0,   0.05,   0.03,   1.00,  0.113,   0.02,    0.0
1975-01-22,  22,     11,     19,      0,   0.05,   0.03,   1.00,  0.110,   1.10,    1.1
1975-01-23,  23,     11,     19,      0,   0.05,   0.03,   1.00,  0.129,   0.32,    0.3
1975-01-24,  24,     11,     19,      0,   0.05,   0.03,   1.00,  0.115,  -0.02,    0.0
1975-01-25,  25,     11,     19,      0,   0.05,   0.04,   1.00,  0.110,   0.45,    0.5
1975-01-26,  26,     11,     19,      0,   0.05,   0.04,   1.00,  0.116,   0.48,    0.5
1975-01-27,  27,     11,     19,      0,   0.05,   0.04,   1.00,  0.117,   0.94,    1.0
1975-01-28,  28,     11,     19,      0,   0.05,   0.04,   1.00,  0.124,   0.53,    0.6
1975-01-29,  29,     11,     19,      0,   0.05,   0.04,   1.00,  0.117,   0.03,    0.1
1975-01-30,  30,     11,     19,      0,   0.05,   0.04,   1.00,  0.110,   0.11,    0.1
1975-01-31,  31,     11,     19,      0,   0.05,   0.04,   1.00,  0.111,   0.96,    1.0
1975-02-01,  32,     11,     19,      0,   0.05,   0.04,   1.00,  0.122,  -0.02,    0.0
1975-02-02,  33,     11,     19,      0,   0.05,   0.05,   1.00,  0.110,  -0.02,    0.0
1975-02-03,  34,     11,     19,      0,   0.05,   0.05,   1.00,  0.110,  -0.02,    0.0
1975-02-04,  35,     11,     19,      0,   0.05,   0.05,   1.00,  0.110,  -0.02,    0.0
1975-02-05,  36,     11,     19,      0,   0.05,   0.05,   1.00,  0.110,  -0.02,    0.0
1975-02-06,  37,     11,     19,      0,   0.05,   0.05,   1.00,  0.110,  -0.02,    0.0
1975-02-07,  38,     11,     19,      0,   0.05,   0.05,   1.00,  0.110,  -0.02,    0.0
1975-02-08,  39,     11,     19,      0,   0.05,   0.05,   1.00,  0.110,  -0.02,    0.0
1975-02-09,  40,     11,     19,      0,   0.05,   0.05,   1.00,  0.110,  -0.02,    0.0
1975-02-10,  41,     11,     19,      0,   0.05,   0.05,   1.00,  0.109,  -0.02,    0.0
1975-02-11,  42,     11,     19,      0,   0.05,   0.05,   1.00,  0.109,   0.01,    0.0
1975-02-12,  43,     11,     19,      0,   0.05,   0.05,   1.00,  0.110,   0.42,    0.4
1975-02-13,  44,     11,     19,      0,   0.05,   0.05,   1.00,  0.114,   0.54,    0.6
1975-02-14,  45,     11,     19,      0,   0.05,   0.05,   1.00,  0.116,  -0.02,    0.0
1975-02-15,  46,     11,     19,      0,   0.05,   0.05,   1.00,  0.110,  -0.02,    0.0
1975-02-16,  47,     11,     19,      0,   0.05,   0.05,   1.00,  0.110,  -0.02,    0.0
1975-02-17,  48,     11,     19,      0,   0.05,   0.05,   1.00,  0.110,   0.34,    0.4
1975-02-18,  49,     11,     19,      0,   0.05,   0.05,   1.00,  0.114,   0.46,    0.5
1975-02-19,  50,     11,     19,      0,   0.05,   0.05,   1.00,  0.115,  -0.02,    0.0
1975-02-20,  51,     11,     19,      0,   0.05,   0.05,   1.00,  0.110,  -0.02,    0.0
1975-02-21,  52,     11,     19,      0,   0.05,   0.05,   1.00,  0.110,  -0.02,    0.0
1975-02-22,  53,     11,     19,      0,   0.05,   0.05,   1.00,  0.110,  -0.02,    0.0
1975-02-23,  54,     11,     19,      0,   0.05,   0.05,   1.00,  0.110,  -0.02,    0.0
1975-02-24,  55,     11,     19,      0,   0.05,   0.05,   1.00,  0.110,  -0.02,    0.0
1975-02-25,  56,     11,     19,      0,   0.05,   0.05,   1.00,  0.110,  -0.02,    0.0
1975-02-26,  57,     11,     19,      0,   0.05,   0.05,   1.00,  0.109,  -0.02,    0.0
1975-02-27,  58,     11,     19,      0,   0.05,   0.05,   1.00,  0.109,  -0.02,    0.0
1975-02-28,  59,     11,     19,      0,   0.05,   0.05,   1.00,  0.109,  -0.02,    0.0
1975-03-01,  60,     11,     19,      0,   0.05,   0.05,   1.00,  0.109,  -0.02,    0.0
1975-03-02,  61,     11,     19,      0,   0.05,   0.05,   1.00,  0.109,   0.37,    0.4
1975-03-03,  62,     11,     19,      0,   0.05,   0.06,   1.00,  0.113,   0.04,    0.1
1975-03-04,  63,     11,     19,      0,   0.05,   0.06,   1.00,  0.110,  -0.01,    0.0
1975-03-05,  64,     11,     19,      0,   0.05,   0.06,   1.00,  0.110,   0.27,    0.3
1975-03-06,  65,     11,     19,      0,   0.05,   0.06,   1.00,  0.113,   0.13,    0.2
1975-03-07,  66,     11,     19,      0,   0.05,   0.07,   1.00,  0.111,   1.03,    1.0
1975-03-08,  67,     11,     19,      0,   0.05,   0.07,   1.00,  0.121,  -0.02,    0.0
1975-03-09,  68,     11,     19,      0,   0.05,   0.07,   1.00,  0.110,   0.17,    0.2
1975-03-10,  69,     11,     19,      0,   0.05,   0.07,   1.00,  0.112,   0.25,    0.3
1975-03-11,  70,     11,     19,      0,   0.05,   0.07,   1.00,  0.113,  -0.01,    0.0
1975-03-12,  71,     11,     19,      0,   0.05,   0.07,   1.00,  0.110,   0.21,    0.2
1975-03-13,  72,     11,     19,      0,   0.05,   0.07,   1.00,  0.112,  -0.02,    0.0
1975-03-14,  73,     11,     19,      0,   0.05,   0.07,   1.00,  0.110,   0.22,    0.2
1975-03-15,  74,     11,     19,      0,   0.05,   0.07,   1.00,  0.112,   0.25,    0.3
1975-03-16,  75,     11,     19,      0,   0.05,   0.07,   1.00,  0.113,   0.14,    0.2
1975-03-17,  76,     11,     19,      0,   0.05,   0.07,   1.00,  0.112,   0.19,    0.2
1975-03-18,  77,     11,     19,      0,   0.05,   0.07,   1.00,  0.112,   0.03,    0.1
1975-03-19,  78,     11,     19,      0,   0.05,   0.07,   1.00,  0.110,   0.50,    0.5
1975-03-20,  79,     11,     19,      0,   0.05,   0.07,   1.00,  0.115,   0.18,    0.2
1975-03-21,  80,     11,     19,      0,   0.05,   0.07,   1.00,  0.112,  -0.02,    0.0
1975-03-22,  81,     11,     19,      0,   0.05,   0.07,   1.00,  0.110,   0.19,    0.2
1975-03-23,  82,     11,     19,      0,   0.05,   0.07,   1.00,  0.112,   0.20,    0.2
1975-03-24,  83,     11,     19,      0,   0.05,   0.07,   1.00,  0.112,   0.26,    0.3
1975-03-25,  84,     11,     19,      0,   0.05,   0.07,   1.00,  0.113,   0.88,    0.9
1975-03-26,  85,     11,     19,      0,   0.05,   0.07,   1.00,  0.120,   0.13,    0.2
1975-03-27,  86,     11,     19,      0,   0.05,   0.07,   1.00,  0.111,   1.06,    1.1
1975-03-28,  87,     11,     19,      0,   0.05,   0.07,   1.00,  0.122,   0.17,    0.2
1975-03-29,  88,     11,     19,      0,   0.05,   0.07,   1.00,  0.112,   0.37,    0.4
1975-03-30,  89,     11,     19,      0,   0.05,   0.07,   1.00,  0.114,  -0.02,    0.0
1975-03-31,  90,     11,     19,      0,   0.05,   0.07,   1.00,  0.110,   0.06,    0.1
1975-04-01,  91,     11,     19,      0,   0.05,   0.07,   1.00,  0.110,   0.31,    0.3
1975-04-02,  92,     11,     19,      0,   0.05,   0.07,   1.00,  0.113,   0.09,    0.1
1975-04-03,  93,     11,     19,      0,   0.05,   0.07,   1.00,  0.111,   0.04,    0.1
1975-04-04,  94,     11,     19,      0,   0.05,   0.07,   1.00,  0.110,   0.44,    0.5
1975-04-05,  95,     11,     19,      0,   0.05,   0.07,   1.00,  0.115,   0.01,    0.0
1975-04-06,  96,     11,     19,      0,   0.05,   0.07,   1.00,  0.110,  -0.01,    0.0
1975-04-07,  97,     11,     19,      0,   0.05,   0.07,   1.00,  0.110,   0.28,    0.3
1975-04-08,  98,     11,     19,      0,   0.05,   0.07,   1.00,  0.113,   0.30,    0.3
1975-04-09,  99,     11,     19,      0,   0.05,   0.07,   1.00,  0.113,   0.24,    0.3
1975-04-10, 100,     11,     19,      0,   0.05,   0.07,   1.00,  0.113,   0.30,    0.3
1975-04-11, 101,     11,     19,      0,   0.05,   0.07,   1.00,  0.113,   0.02,    0.0
1975-04-12, 102,     11,     19,      0,   0.05,   0.07,   1.00,  0.110,   0.10,    0.1
1975-04-13, 103,     11,     19,      0,   0.05,   0.08,   1.00,  0.111,   0.18,    0.2
1975-04-14, 104,     11,     19,      0,   0.05,   0.08,   1.00,  0.112,   0.36,    0.4
1975-04-15, 105,     11,     19,      0,   0.05,   0.08,   1.00,  0.114,   0.72,    0.7
1975-04-16, 106,     11,     19,      0,   0.05,   0.08,   1.00,  0.118,  -0.01,    0.0
1975-04-17, 107,     11,     19,      0,   0.05,   0.08,   1.00,  0.110,   0.44,    0.5
1975-04-18, 108,     11,     19,      0,   0.05,   0.09,   1.00,  0.115,   0.06,    0.1
1975-04-19, 109,     11,     19,      0,   0.05,   0.10,   1.00,  0.111,   0.30,    0.3
1975-04-20, 110,     11,     19,      0,   0.05,   0.10,   1.00,  0.113,  -0.02,    0.0
1975-04-21, 111,     11,     19,      0,   0.05,   0.11,   1.00,  0.110,  -0.02,    0.0
1975-04-22, 112,     11,     19,      0,   0.05,   0.12,   1.00,  0.109,  -0.02,    0.0
1975-04-23, 113,     11,     19,      0,   0.05,   0.12,   1.00,  0.109,  -0.02,    0.0
1975-04-24, 114,     11,     19,      0,   0.05,   0.13,   1.00,  0.109,  -0.02,    0.0
1975-04-25, 115,     11,     19,      0,   0.05,   0.13,   1.00,  0.109,  -0.01,    0.0
1975-04-26, 116,     11,     19,      0,   0.05,   0.13,   1.00,  0.109,  -0.02,    0.0
1975-04-27, 117,     11,     19,      0,   0.05,   0.14,   1.00,  0.108,   0.11,    0.1
1975-04-28, 118,     11,     19,      0,   0.05,   0.15,   1.00,  0.110,  -0.02,    0.0
1975-04-29, 119,     12,     19,      0,   0.05,   0.16,   1.00,  0.108,   0.90,    0.9
1975-04-30, 120,     12,     20,      0,   0.05,   0.17,   1.00,  0.118,  -0.02,    0.0
1975-05-01, 121,     13,     21,      0,   0.05,   0.17,   1.00,  0.110,  -0.02,    0.0
1975-05-02, 122,     13,     22,      0,   0.05,   0.18,   1.00,  0.109,   1.02,    1.0
1975-05-03, 123,     14,     22,      0,   0.05,   0.18,   1.00,  0.121,   0.05,    0.1
1975-05-04, 124,     14,     22,      0,   0.05,   0.18,   1.00,  0.111,   0.51,    0.5
1975-05-05, 125,     14,     22,      0,   0.05,   0.18,   1.00,  0.115,  -0.02,    0.0
1975-05-06, 126,     14,     22,      0,   0.05,   0.19,   1.00,  0.110,   0.15,    0.2
1975-05-07, 127,     14,     22,      0,   0.05,   0.20,   1.00,  0.110,   0.37,    0.4
1975-05-08, 128,     14,     22,      0,   0.05,   0.21,   1.00,  0.113,  -0.01,    0.0
1975-05-09, 129,     14,     22,      0,   0.05,   0.22,   1.00,  0.110,   0.34,    0.4
1975-05-10, 130,     14,     22,      0,   0.05,   0.23,   1.00,  0.113,   0.68,    0.7
1975-05-11, 131,     14,     23,      0,   0.05,   0.23,   1.00,  0.117,   0.05,    0.1
1975-05-12, 132,     15,     24,      0,   0.05,   0.23,   1.00,  0.111,  -0.02,    0.0
1975-05-13, 133,     15,     24,      0,   0.05,   0.24,   1.00,  0.109,   0.24,    0.3
1975-05-14, 134,     15,     25,      0,   0.06,   0.25,   1.00,  0.112,   0.11,    0.1
1975-05-15, 135,     16,     25,      0,   0.06,   0.26,   1.00,  0.110,  -0.02,    0.0
1975-05-16, 136,     16,     26,      0,   0.06,   0.27,   1.00,  0.109,  -0.02,    0.0
1975-05-17, 137,     17,     28,      0,   0.06,   0.28,   1.00,  0.108,   0.34,    0.4
1975-05-18, 138,     18,     29,      0,   0.07,   0.29,   1.00,  0.112,  -0.02,    0.0
1975-05-19, 139,     21,     33,      0,   0.07,   0.30,   1.00,  0.109,  -0.02,    0.0
1975-05-20, 140,     24,     36,      0,   0.07,   0.31,   1.00,  0.108,  -0.02,    0.0
1975-05-21, 141,     27,     41,      0,   0.07,   0.31,   1.00,  0.108,  -0.02,    0.0
1975-05-22, 142,     29,     42,      0,   0.07,   0.31,   1.00,  0.107,  -0.02,    0.0
1975-05-23, 143,     29,     42,      0,   0.07,   0.31,   1.00,  0.107,  -0.02,    0.0
1975-05-24, 144,     29,     42,      0,   0.07,   0.31,   1.00,  0.106,  -0.02,    0.0
1975-05-25, 145,     29,     42,      0,   0.07,   0.32,   1.00,  0.106,  -0.02,    0.0
1975-05-26, 146,     29,     42,      0,   0.07,   0.33,   1.00,  0.106,  -0.02,    0.0
1975-05-27, 147,     29,     42,      0,   0.07,   0.34,   1.00,  0.105,  -0.02,    0.0
1975-05-28, 148,     29,     42,      0,   0.07,   0.36,   1.00,  0.104,  -0.02,    0.0
1975-05-29, 149,     30,     43,      0,   0.08,   0.36,   1.00,  0.104,  -0.02,    0.0
1975-05-30, 150,     31,     44,      0,   0.08,   0.36,   1.00,  0.103,  -0.02,    0.0
1975-05-31, 151,     31,     45,      0,   0.08,   0.37,   1.00,  0.103,   0.06,    0.1
1975-06-01, 152,     31,     45,      0,   0.08,   0.37,   1.00,  0.104,   0.05,    0.1
1975-06-02, 153,     31,     45,      0,   0.08,   0.37,   1.00,  0.103,   1.00,    1.0
1975-06-03, 154,     31,     45,      0,   0.08,   0.37,   1.00,  0.113,   0.63,    0.6
1975-06-04, 155,     31,     45,      0,   0.08,   0.37,   1.00,  0.117,  -0.02,    0.0
1975-06-05, 156,     31,     45,      0,   0.08,   0.38,   1.00,  0.110,  -0.02,    0.0
1975-06-06, 157,     31,     45,      0,   0.08,   0.40,   1.00,  0.109,  -0.02,    0.0
1975-06-07, 158,     31,     45,      0,   0.08,   0.41,   1.00,  0.107,  -0.02,    0.0
1975-06-08, 159,     31,     45,      0,   0.08,   0.42,   1.00,  0.106,  -0.02,    0.0
1975-06-09, 160,     33,     47,      0,   0.09,   0.44,   1.00,  0.104,  -0.02,    0.0
1975-06-10, 161,     36,     51,      0,   0.10,   0.45,   1.00,  0.103,   0.14,    0.2
1975-06-11, 162,     42,     57,      0,   0.11,   0.47,   1.00,  0.104,  -0.02,    0.0
1975-06-12, 163,     53,     66,      0,   0.13,   0.49,   1.00,  0.101,  -0.02,    0.0
1975-06-13, 164,     66,     75,      0,   0.15,   0.50,   1.00,  0.100,  -0.02,    0.0
1975-06-14, 165,     80,     84,      0,   0.16,   0.52,   1.00,  0.099,   0.30,    0.3
1975-06-15, 166,     92,     92,      0,   0.16,   0.53,   1.00,  0.102,   0.56,    0.6
1975-06-16, 167,     96,     94,      0,   0.18,   0.54,   1.00,  0.107,   0.11,    0.1
1975-06-17, 168,    111,    106,      0,   0.19,   0.55,   1.00,  0.104,   1.24,    1.3
1975-06-18, 169,    123,    112,      0,   0.20,   0.56,   1.00,  0.116,  -0.02,    0.0
1975-06-19, 170,    137,    122,      0,   0.23,   0.58,   1.00,  0.110,  -0.02,    0.0
1975-06-20, 171,    162,    137,      0,   0.25,   0.59,   1.00,  0.108,  -0.02,    0.0
1975-06-21, 172,    189,    151,      0,   0.26,   0.61,   1.00,  0.106,   0.08,    0.1
1975-06-22, 173,    211,    162,      0,   0.28,   0.63,   1.00,  0.106,   0.36,    0.4
1975-06-23, 174,    226,    169,      0,   0.30,   0.65,   1.00,  0.109,   3.78,    3.8
1975-06-24, 175,    254,    184,      0,   0.32,   0.67,   1.00,  0.146,  -0.02,    0.0
1975-06-25, 176,    285,    198,      0,   0.34,   0.68,   1.00,  0.110,  -0.02,    0.0
1975-06-26, 177,    320,    212,      0,   0.36,   0.69,   1.00,  0.108,  -0.02,    0.0
1975-06-27, 178,    370,    232,      0,   0.37,   0.70,   1.00,  0.106,  -0.02,    0.0
1975-06-28, 179,    395,    241,      0,   0.39,   0.71,   1.00,  0.105,   0.04,    0.1
1975-06-29, 180,    423,    252,      0,   0.41,   0.72,   1.00,  0.105,  -0.01,    0.0
1975-06-30, 181,    466,    268,      0,   0.43,   0.73,   1.00,  0.103,   0.15,    0.2
1975-07-01, 182,    511,    284,      0,   0.45,   0.74,   1.00,  0.104,  -0.02,    0.0
1975-07-02, 183,    573,    304,      0,   0.47,   0.75,   1.00,  0.100,  -0.02,    0.0
1975-07-03, 184,    628,    321,      0,   0.48,   0.77,   1.00,  0.099,   0.78,    0.8
1975-07-04, 185,    653,    328,      0,   0.49,   0.78,   1.00,  0.107,  -0.02,    0.0
1975-07-05, 186,    686,    339,      0,   0.52,   0.79,   1.00,  0.104,  -0.02,    0.0
1975-07-06, 187,    763,    361,      0,   0.54,   0.81,   1.00,  0.103,  -0.02,    0.0
1975-07-07, 188,    840,    379,      0,   0.56,   0.83,   1.00,  0.101,  -0.02,    0.0
1975-07-08, 189,    928,    399,      0,   0.58,   0.86,   1.00,  0.100,   1.55,    1.6
1975-07-09, 190,   1001,    414,      0,   0.59,   0.87,   1.00,  0.115,  -0.01,    0.0
1975-07-10, 191,   1072,    428,      0,   0.61,   0.89,   1.00,  0.110,   1.03,    1.0
1975-07-11, 192,   1144,    440,      0,   0.62,   0.91,   1.00,  0.120,  -0.01,    0.0
1975-07-12, 193,   1218,    451,      0,   0.64,   0.93,   1.00,  0.110,  -0.02,    0.0
1975-07-13, 194,   1287,    463,      0,   0.65,   0.94,   1.00,  0.108,  -0.02,    0.0
1975-07-14, 195,   1344,    472,      0,   0.67,   0.97,   1.00,  0.107,  -0.01,    0.0
1975-07-15, 196,   1443,    489,      0,   0.68,   0.98,   1.00,  0.104,   0.00,    0.0
1975-07-16, 197,   1497,    498,      4,   0.69,   1.00,   1.00,  0.103,  -0.02,    0.0
1975-07-17, 198,   1571,    512,     15,   0.71,   1.01,   1.00,  0.101,   0.13,    0.2
1975-07-18, 199,   1625,    522,     28,   0.71,   1.03,   1.00,  0.102,   2.03,    2.0
1975-07-19, 200,   1671,    530,     43,   0.72,   1.04,   1.00,  0.122,   1.65,    1.7
1975-07-20, 201,   1718,    538,     64,   0.73,   1.06,   1.00,  0.128,   0.73,    0.8
1975-07-21, 202,   1747,    543,     79,   0.74,   1.07,   1.00,  0.118,  -0.02,    0.0
1975-07-22, 203,   1798,    554,    113,   0.75,   1.08,   1.00,  0.110,  -0.02,    0.0
1975-07-23, 204,   1845,    563,    150,   0.76,   1.10,   1.00,  0.108,   0.10,    0.1
1975-07-24, 205,   1894,    573,    196,   0.77,   1.11,   1.00,  0.108,   0.84,    0.9
1975-07-25, 206,   1937,    583,    247,   0.78,   1.12,   1.00,  0.114,  -0.02,    0.0
1975-07-26, 207,   1976,    591,    303,   0.79,   1.13,   1.00,  0.110,  -0.02,    0.0
1975-07-27, 208,   2002,    597,    349,   0.80,   1.14,   1.00,  0.109,  -0.02,    0.0
1975-07-28, 209,   2032,    604,    411,   0.81,   1.15,   1.00,  0.108,  -0.02,    0.0
1975-07-29, 210,   2065,    612,    505,   0.82,   1.17,   1.00,  0.107,  -0.02,    0.0
1975-07-30, 211,   2093,    618,    622,   0.82,   1.18,   1.00,  0.105,  -0.02,    0.0
1975-07-31, 212,   2112,    622,    741,   0.82,   1.20,   1.00,  0.103,   0.67,    0.7
1975-08-01, 213,   2120,    624,    865,   0.82,   1.22,   1.00,  0.109,  -0.02,    0.0
1975-08-02, 214,   2120,    624,   1005,   0.82,   1.24,   1.00,  0.105,  -0.02,    0.0
1975-08-03, 215,   2120,    624,   1158,   0.82,   1.25,   1.00,  0.103,  -0.02,    0.0
1975-08-04, 216,   2120,    624,   1304,   0.82,   1.28,   1.00,  0.101,  -0.02,    0.0
1975-08-05, 217,   2120,    624,   1440,   0.82,   1.30,   1.00,  0.099,  -0.02,    0.0
1975-08-06, 218,   2120,    624,   1559,   0.82,   1.32,   1.00,  0.096,  -0.02,    0.0
1975-08-07, 219,   2120,    624,   1681,   0.82,   1.34,   1.00,  0.094,  -0.02,    0.0
1975-08-08, 220,   2120,    624,   1798,   0.82,   1.37,   1.00,  0.092,  -0.02,    0.0
1975-08-09, 221,   2120,    624,   1903,   0.82,   1.39,   1.00,  0.090,   0.36,    0.4
1975-08-10, 222,   2120,    624,   2011,   0.82,   1.41,   1.00,  0.092,  -0.02,    0.0
1975-08-11, 223,   2120,    624,   2130,   0.82,   1.43,   1.00,  0.087,   0.56,    0.6
1975-08-12, 224,   2120,    624,   2223,   0.82,   1.45,   1.00,  0.093,  -0.02,    0.0
1975-08-13, 225,   2120,    624,   2324,   0.82,   1.47,   1.00,  0.089,  -0.02,    0.0
1975-08-14, 226,   2120,    624,   2421,   0.82,   1.49,   1.00,  0.087,  -0.02,    0.0
1975-08-15, 227,   2120,    624,   2525,   0.82,   1.51,   1.00,  0.085,   0.28,    0.3
1975-08-16, 228,   2120,    624,   2583,   0.82,   1.52,   1.00,  0.088,   1.28,    1.3
1975-08-17, 229,   2078,    624,   2600,   0.82,   1.53,   1.00,  0.100,  -0.02,    0.0
1975-08-18, 230,   2036,    624,   2685,   0.82,   1.55,   1.00,  0.098,  -0.02,    0.0
1975-08-19, 231,   1996,    624,   2786,   0.82,   1.56,   1.00,  0.096,   0.05,    0.1
1975-08-20, 232,   1956,    624,   2891,   0.82,   1.58,   1.00,  0.096,  -0.02,    0.0
1975-08-21, 233,   1917,    624,   2978,   0.82,   1.59,   1.00,  0.093,   1.89,    1.9
1975-08-22, 234,   1878,    624,   3034,   0.82,   1.60,   1.00,  0.113,   0.01,    0.0
1975-08-23, 235,   1841,    624,   3107,   0.82,   1.62,   1.00,  0.110,  -0.01,    0.0
1975-08-24, 236,   1804,    624,   3181,   0.82,   1.63,   1.00,  0.109,   0.02,    0.0
1975-08-25, 237,   1768,    624,   3257,   0.82,   1.64,   1.00,  0.108,  -0.01,    0.0
1975-08-26, 238,   1732,    624,   3358,   0.82,   1.65,   1.00,  0.107,  -0.02,    0.0
1975-08-27, 239,   1698,    624,   3464,   0.82,   1.66,   1.00,  0.105,  -0.02,    0.0
1975-08-28, 240,   1664,    624,   3581,   0.82,   1.67,   1.00,  0.104,  -0.02,    0.0
1975-08-29, 241,   1631,    624,   3690,   0.82,   1.69,   1.00,  0.102,  -0.02,    0.0
1975-08-30, 242,   1598,    624,   3793,   0.82,   1.70,   1.00,  0.101,  -0.02,    0.0
1975-08-31, 243,   1566,    624,   3886,   0.82,   1.72,   1.00,  0.100,  -0.02,    0.0
1975-09-01, 244,   1535,    624,   3953,   0.82,   1.74,   1.00,  0.099,   0.00,    0.0
1975-09-02, 245,   1504,    624,   4001,   0.82,   1.75,   1.00,  0.098,  -0.02,    0.0
1975-09-03, 246,   1474,    624,   4083,   0.82,   1.77,   1.00,  0.097,  -0.02,    0.0
1975-09-04, 247,   1444,    624,   4105,   0.82,   1.78,   1.00,  0.097,   0.36,    0.4
1975-09-05, 248,   1416,    624,   4194,   0.82,   1.79,   1.00,  0.100,  -0.01,    0.0
1975-09-06, 249,   1387,    624,   4256,   0.82,   1.80,   1.00,  0.099,  -0.02,    0.0
1975-09-07, 250,   1359,    624,   4343,   0.82,   1.81,   1.00,  0.098,   0.05,    0.1
1975-09-08, 251,   1332,    624,   4415,   0.82,   1.81,   1.00,  0.098,  -0.02,    0.0
1975-09-09, 252,   1306,    624,   4506,   0.82,   1.83,   1.00,  0.096,   0.80,    0.8
1975-09-10, 253,   1280,    624,   4562,   0.82,   1.84,   1.00,  0.104,   0.00,    0.0
1975-09-11, 254,   1254,    624,   4631,   0.82,   1.85,   1.00,  0.102,   0.34,    0.4
1975-09-12, 255,   1229,    624,   4687,   0.82,   1.86,   1.00,  0.106,   0.91,    0.9
1975-09-13, 256,   1204,    624,   4741,   0.82,   1.87,   1.00,  0.114,   1.13,    1.1
1975-09-14, 257,   1180,    624,   4801,   0.82,   1.88,   1.00,  0.122,   0.44,    0.5
1975-09-15, 258,   1157,    624,   4828,   0.82,   1.89,   1.00,  0.115,  -0.02,    0.0
1975-09-16, 259,   1133,    624,   4895,   0.82,   1.90,   1.00,  0.110,  -0.02,    0.0
1975-09-17, 260,   1111,    624,   4969,   0.82,   1.92,   1.00,  0.109,   0.04,    0.1
1975-09-18, 261,   1089,    624,   5009,   0.82,   1.93,   1.00,  0.109,  -0.02,    0.0
1975-09-19, 262,   1067,    624,   5071,   0.82,   1.94,   1.00,  0.107,  -0.02,    0.0
1975-09-20, 263,   1045,    624,   5136,   0.82,   1.95,   1.00,  0.107,   0.35,    0.4
1975-09-21, 264,   1025,    624,   5196,   0.82,   1.96,   1.00,  0.110,  -0.02,    0.0
1975-09-22, 265,   1004,    624,   5250,   0.82,   1.96,   1.00,  0.108,  -0.02,    0.0
1975-09-23, 266,    984,    624,   5301,   0.82,   1.97,   1.00,  0.108,   0.06,    0.1
1975-09-24, 267,    964,    624,   5358,   0.82,   1.99,   1.00,  0.108,  -0.02,    0.0
1975-09-25, 268,    945,    624,   5411,   0.82,   2.00,   1.00,  0.106,   1.56,    1.6
