20130101 16.25
20130111 13.16
20130121 12.4
20130201 11.28
20130211 6.84
20130221 3.84
20130301 2.9
20130311 3.52
20130321 4.14
20130401 0.03
20130411 5.1
20130421 12.39
20130501 6.65
20130511 9.01
20130521 8.56
20130601 10.36
20130611 9.32
20130621 11.2
20130701 20.2
20130711 25.43
20130721 30.94
20130801 36.81
20130811 33.05
20130821 56.96
20130901 47.69
20130911 61.63
20130921 45.22
20131001 42.26
20131011 34.97
20131021 23.37
20131101 16.15
20131111 12.74
20131121 12.89
20131201 14.58
20131211 16.41
20131221 8.56
20140101 11.39
20140111 14.38
20140121 7.58
20140201 8.1
20140211 10.29
20140221 5.75
20140301 6.62
20140311 2.59
20140321 3.73
20140401 2.73
20140411 2.75
20140421 3.46
20140501 5.2
20140511 5.29
20140521 8.63
20140601 10.18
20140611 13.74
20140621 15.45
20140701 22.8
20140711 28.76
20140721 28.96
20140801 25.58
20140811 44.17
20140821 44.12
20140901 46.67
20140911 59.29
20140921 53.3
20141001 42.41
20141011 36.03
20141021 21.74
20141101 13.96
20141111 10.85
20141121 11.45
20141201 8.22
20141211 12.01
20141221 14.74
20150101 14.58
20150111 17.18
20150121 7.79
20150201 3.59
20150211 4.08
20150221 8.29
20150301 6.88
20150311 3.56
20150321 4.3
20150401 3.74
20150411 2.27
20150421 2.85
20150501 2.99
20150511 2.3
20150521 1.99
20150601 2.54
20150611 2.49
20150621 3.9
20150701 3.99
20150711 6.93
20150721 14.65
20150801 14.58
20150811 10.95
20150821 34.92
20150901 38.81
20150911 57.68
20150921 52
20151001 45.09
20151011 30.44
20151021 30.17
20151101 22.62
20151111 15.51
20151121 11.74
20151201 21.79
20151211 15.9
20151221 19.25
20160101 12.21
20160111 9.46
20160121 15.78
20160201 10.66
20160211 10.2
20160221 3.05
20160301 3.58
20160311 4.07
20160321 3.48
20160401 2.48
20160411 2.77
20160421 2.5
20160501 2.94
20160511 5.1
20160521 7.31
20160601 5.66
20160611 14.85
20160621 16.14
20160701 17.66
20160711 21.28
20160721 42.1
20160801 54.03
20160811 59.26
20160821 36.5
20160901 64.65
20160911 64.52
20160921 48.74
20161001 30.04
20161011 30.44
20161021 25.97
20161101 20.46
20161111 13.79
20161121 13.04
20161201 8.18
20161211 11.63
20161221 15.58
20170101 14.63
20170111 17.92
20170121 10.09
20170201 6.65
20170211 7.79
20170221 3.93
20170301 5.55
20170311 3.08
20170321 1.89
20170401 2.48
20170411 4.28
20170421 2.56
20170501 3.77
20170511 5.61
20170521 6.04
20170601 7.68
20170611 18.14
20170621 28.81
20170711 38.44
20170721 47.47
20170801 41.42
20170811 62.52
20170821 54.57
20170901 67.98
20170911 43.69
20170921 53.67
20171001 38.66
20171011 32.24
20171021 22.12
20171101 14.19
20171111 15.42
20171121 9.99
20171201 20.29
20171211 12.54
20171221 14.77
20180101 14.82
20180111 19.75
20180121 16.37
20180201 4.35
20180211 6.18
20180221 5.11
20180301 3.65
20180311 3.32
20180321 5.02
20180401 3.59
20180411 2.14
20180421 3.77
20180501 2.06
20180511 4.65
20180521 6.46
