201211100000 0.4
201211200000 0.333333
201211300000 0.233333
201212100000 0.233333
201212200000 0.2
201212310000 0.166667
201301100000 0.166667
201301200000 0.166667
201301310000 0.133333
201302100000 0.133333
201302200000 0.1
201302280000 0.1
201303100000 0.1
201303200000 0.1
201303310000 0.133333
201304100000 0.1
201304200000 0.166667
201304300000 0.2
201305100000 0.233333
201305200000 0.233333
201305310000 0.2
201306100000 0.266667
201306200000 0.266667
201306300000 0.3
201307100000 0.433333
201307200000 0.566667
201307310000 0.866667
201308100000 1.1
201308200000 1.26667
201308310000 1.36667
201309100000 1.4
201309200000 1.33333
201309300000 1.26667
201310100000 1.16667
201310200000 0.833333
201310310000 0.566667
201311100000 0.366667
201311200000 0.266667
201311300000 0.233333
201312100000 0.2
201312200000 0.166667
201312310000 0.166667
201801200000 0.166667
201802100000 0.166667
201802200000 0.133333
201802280000 0.133333
201803100000 0.166667
201803200000 0.133333
201803310000 0.133333
201804100000 0.133333
201804200000 0.133333
201804300000 0.133333
201805100000 0.133333
201805200000 0.166667
201801100000 0.2
201801310000 0.166667
201802100000 0.166667
201802200000 0.166667
201802280000 0.166667
201803100000 0.166667
201803310000 0.133333
201804100000 0.133333
201804200000 0.166667
201804300000 0.166667
201805100000 0.166667
201711300000 0.3
201712100000 0.266667
201712200000 0.233333
201712310000 0.166667
201801200000 0.2
201801310000 0.166667
201802100000 0.166667
201802200000 0.166667
201802280000 0.166667
201803100000 0.166667
201803200000 0.166667
201803310000 0.133333
201804100000 0.133333
201804200000 0.166667
201804300000 0.166667
201401100000 0.166667
201401200000 0.2
201401310000 0.166667
201402100000 0.166667
201402200000 0.133333
201402280000 0.133333
201403100000 0.133333
201403200000 0.166667
201403310000 0.166667
201404100000 0.133333
201404200000 0.166667
201404300000 0.166667
201405100000 0.166667
201405200000 0.2
201405310000 0.3
201406100000 0.366667
201406200000 0.533333
201406300000 0.566667
201407100000 0.566667
201407200000 0.666667
201407310000 0.766667
201408100000 0.833333
201408200000 0.966667
201408310000 1.16667
201409100000 1.23333
201409200000 1.23333
201409300000 1.16667
201410100000 1.03333
201410200000 0.766667
201410310000 0.5
201411100000 0.4
201411200000 0.3
201411300000 0.266667
201412100000 0.233333
201412200000 0.2
201412310000 0.2
201501100000 0.166667
201501200000 0.166667
201501310000 0.166667
201502100000 0.166667
201502200000 0.133333
201502280000 0.166667
201503100000 0.133333
201503200000 0.133333
201503310000 0.133333
201504100000 0.133333
201504200000 0.133333
201504300000 0.133333
201505100000 0.133333
201505200000 0.133333
201505310000 0.166667
201506100000 0.166667
201506200000 0.166667
201506300000 0.166667
201507100000 0.166667
201507200000 0.2
201507310000 0.233333
201508100000 0.4
201508200000 0.7
201508310000 0.933333
201509100000 1.2
201509200000 1.3
201509300000 1.2
201510100000 1.13333
201510200000 1.06667
201510310000 0.766667
201511100000 0.5
201511200000 0.433333
201511300000 0.3
201512100000 0.233333
201512200000 0.233333
201512310000 0.2
201601100000 0.2
201601200000 0.2
201601310000 0.166667
201602100000 0.166667
201602200000 0.166667
201602290000 0.133333
201603100000 0.166667
201603200000 0.166667
201603310000 0.133333
201604100000 0.133333
201604200000 0.133333
201604300000 0.133333
201605100000 0.166667
201605200000 0.233333
201605310000 0.233333
201606100000 0.266667
201606200000 0.366667
201606300000 0.433333
201607100000 0.633333
201607200000 0.833333
201607310000 1
201608100000 1.1
201608200000 1.23333
201608310000 1.36667
201609100000 1.4
201609200000 1.36667
201609300000 1.16667
201610100000 1.06667
201610200000 0.9
201610310000 0.6
201611100000 0.433333
201611200000 0.333333
201611300000 0.3
201612100000 0.266667
201612200000 0.233333
201612310000 0.2
201701100000 0.2
201701200000 0.2
201701310000 0.166667
201702100000 0.166667
201702200000 0.166667
201702280000 0.133333
201703100000 0.166667
201703200000 0.133333
201703310000 0.133333
201704100000 0.166667
201704200000 0.166667
201704300000 0.166667
201705100000 0.166667
201705200000 0.2
201705310000 0.233333
201706100000 0.266667
201706200000 0.466667
201706300000 0.666667
201707100000 0.8
201707200000 0.966667
201707310000 1.1
201708100000 1.26667
201708200000 1.36667
201708310000 1.4
201709100000 1.36667
201709200000 1.26667
201709300000 1.23333
201710100000 1.1
201710200000 0.833333
201710310000 0.566667
201711100000 0.433333
201711200000 0.333333
201712100000 0.266667
201712200000 0.233333
201712310000 0.166667
201801100000 0.2
201801200000 0.2
201801310000 0.166667
201802100000 0.166667
201802200000 0.166667
201802280000 0.166667
201803100000 0.166667
201803200000 0.166667
